
------------------ 
x0 =

     1     1

x =

    2.0909    3.5536
------------------ 

------------------ 
x0 =

    -4     3

x =

   -3.7696    1.6705
------------------ 

------------------ 
x0 =

   -2.5000   -3.0000

x =

   -2.6976   -3.1182
------------------ 

------------------ 
x0 =

     0     0

x =

    0.3763   -4.1059
------------------ 
